178.25	145.893	
158.25	130.583	
148.2	130.03	
140.95	125.784	
145.05	125.784	
140	122.726	
134.65	115.358	
135.95	115.358	
138.75	109.669	
131.1	102.606	
125.05	99.8291	
115.9	92.5842	
108.8	86.8994	
107.15	86.8994	
100.55	83.6414	
114.6	83.6414	
108.5	83.6414	
105.25	83.6414	
111.15	81.8209	
105.3	81.8209	
104.65	81.8209	
107.3	80.1729	
109.85	79.1744	
101.4	79.1744	
103.55	79.1744	
112.1	79.1744	
107.15	79.1744	
108.1	79.1744	
108.9	79.1744	
109.9	79.1744	
107.25	79.1744	
102.45	79.1744	
111.3	79.1744	
107.2	79.1744	
105.2	79.1744	
113.95	79.1744	
106.2	79.1744	
103.65	75.3389	
107.5	75.3389	
98.3	75.3389	
106.65	75.3389	
109.7	75.3389	
103.4	75.3389	
109.05	75.3389	
107.95	75.3389	
98.95	75.3389	
99.65	75.3389	
103.25	75.3389	
103.25	75.3389	
95.75	75.3389	
104.9	75.3389	
94.6	75.3389	
94.1	75.3389	
98.7	75.3389	
98.8	75.3389	
96.35	75.3389	
96.65	75.3389	
99.65	75.3389	
100.85	75.3389	
108.45	75.3389	
109.85	75.3389	
110.85	75.3389	
107.5	75.3389	
100.65	75.3389	
104.7	75.3389	
94.15	75.3389	
107.8	75.3389	
104.7	75.3389	
95.4	75.3389	
99.4	75.3389	
100.7	75.3389	
98.25	75.3389	
97.1	75.3389	
94.85	75.3389	
94.4	75.3389	
102.1	75.3389	
93	75.3389	
98.75	75.3389	
94.35	75.3389	
99.1	75.3389	
102.5	75.3389	
98.45	75.3389	
100.2	75.3389	
99.85	75.3389	
101.55	75.3389	
102.65	75.3389	
100.75	75.3389	
103.3	75.3389	
98.85	75.3389	
98.3	75.3389	
100.65	75.3389	
107	75.3389	
97.5	75.3389	
101.95	75.3389	
98.2	75.3389	
104.4	75.3389	
96.7	75.3389	
100.25	75.3389	
95.9	75.3389	
100.65	75.3389	
101.1	75.3389	
98.85	75.3389	
96.95	75.3389	
106.55	75.3389	
94.55	75.3389	
97.55	75.3389	
98.8	75.3389	
96.55	75.3389	
95.05	75.3389	
100	75.3389	
96.6	75.3389	
97.7	75.3389	
102.45	75.3389	
97.6	75.3389	
102.15	75.3389	
98.95	75.3389	
105.1	75.3389	
98.65	75.3389	
101.35	75.3389	
94.85	72.9486	
94.85	72.5011	
101.35	72.5011	
95.5	68.9526	
87.05	68.9526	
93.8	68.9526	
97.95	68.9526	
94.85	68.9526	
96.2	68.9526	
93.55	68.9526	
94.4	68.9526	
99.45	68.9526	
95.45	68.9526	
89.4	68.9526	
100.3	68.9526	
98.75	68.9526	
95.65	68.9526	
94.6	68.9526	
88.35	68.9526	
91.9	68.9526	
98.1	68.9526	
93.15	68.9526	
89.8	68.5987	
94.8	68.5987	
95.3	68.5987	
96.75	68.5987	
96.65	68.5987	
102.3	68.5987	
94.15	68.5987	
106.4	68.5987	
87.1	68.5987	
97.5	68.5987	
98.45	68.5987	
93.8	68.5987	
101.05	68.5987	
100.5	67.0959	
94.65	67.0959	
98.75	67.0959	
95.35	67.0959	
101.6	67.0959	
100.1	67.0959	
101.1	67.0959	
103.05	67.0959	
100.3	67.0959	
95.75	67.0959	
93.1	67.0959	
103.15	67.0959	
91.7	67.0959	
94.75	67.0959	
98.15	67.0959	
90	67.0959	
91.75	67.0959	
92.75	67.0959	
96.45	67.0959	
92	67.0959	
96.6	67.0959	
98.9	67.0959	
99.6	67.0959	
99.05	67.0959	
95.5	67.0959	
97.8	67.0959	
88.55	67.0959	
91.35	67.0959	
88.35	67.0959	
90.4	67.0959	
98.6	67.0959	
96.5	67.0959	
91.6	67.0959	
94.25	67.0959	
95.35	67.0959	
85.55	67.0959	
94.65	67.0959	
97.4	67.0959	
97.15	67.0959	
99.2	67.0959	
96	67.0959	
99.25	67.0959	
102.8	67.0959	
91.95	67.0959	
102.45	67.0959	
100.8	67.0959	
102.75	67.0959	
95.8	67.0959	
93.3	67.0959	
98.65	67.0959	
94.1	67.0959	
92.4	67.0959	
96.55	67.0959	
105.6	67.0959	
93.8	67.0959	
96.6	67.0959	
96.45	67.0959	
96.15	67.0959	
98.7	67.0959	
90.95	67.0959	
94.3	67.0959	
97.8	67.0959	
101.85	67.0959	
100.7	67.0959	
92.5	67.0959	
97	67.0959	
97.95	67.0959	
89.8	67.0959	
105.05	67.0959	
96	67.0959	
97.25	67.0959	
93.15	67.0959	
92.45	67.0959	
98.5	67.0959	
90.55	67.0959	
95.55	67.0959	
93.85	67.0959	
93.85	67.0959	
85.4	67.0959	
92.7	67.0959	
90.75	67.0959	
89.65	67.0959	
98.9	67.0959	
94.85	67.0959	
92.45	67.0959	
92.55	67.0959	
92.45	67.0959	
95.4	67.0959	
89.55	67.0959	
94.6	67.0959	
96	67.0959	
100.45	67.0959	
99.4	67.0959	
93.65	67.0959	
90.3	67.0959	
98	67.0959	
97.45	67.0959	
86.9	67.0959	
94.15	67.0959	
93.85	67.0959	
95.15	67.0959	
98.6	67.0959	
107.1	67.0959	
98.8	67.0959	
95	67.0959	
102.6	67.0959	
98.45	67.0959	
95.95	67.0959	
96.6	67.0959	
96.35	67.0959	
93.65	67.0959	
99.85	67.0959	
98.85	67.0959	
100.55	67.0959	
95.85	67.0959	
93.4	67.0959	
99.35	67.0959	
98.5	67.0959	
93.8	67.0959	
104.65	67.0959	
92.2	67.0959	
85.55	67.0959	
99.55	67.0959	
92.75	67.0959	
95.3	67.0959	
94.6	67.0959	
100.45	67.0959	
97.15	67.0959	
96.7	67.0959	
106.6	67.0959	
93.05	67.0959	
101.45	67.0959	
91.15	67.0959	
92.4	67.0959	
95.6	67.0959	
100.2	67.0959	
88.65	67.0959	
96.1	67.0959	
91.95	67.0959	
87.2	67.0959	
90.9	67.0959	
89.05	67.0959	
95.8	67.0959	
89.8	67.0959	
90.65	67.0959	
94.45	67.0959	
101.55	67.0959	
96.7	67.0959	
98.85	67.0959	
95.75	67.0959	
100.55	67.0959	
92.45	67.0959	
94.4	67.0959	
89.1	67.0959	
90.5	67.0959	
95.5	67.0959	
89.25	67.0959	
87.85	67.0959	
93.7	67.0959	
92.85	67.0959	
89.5	67.0959	
94.6	67.0959	
91.05	67.0959	
94.35	67.0959	
91.3	67.0959	
90.9	67.0959	
91.75	67.0959	
95.5	67.0959	
94.35	67.0959	
91.9	67.0959	
98	67.0959	
89.85	67.0959	
91.65	67.0959	
86.95	67.0959	
100.55	67.0959	
91.9	67.0959	
89.2	67.0959	
91.65	67.0959	
87.85	67.0959	
90.15	67.0959	
91.15	67.0959	
90.9	67.0959	
91.8	67.0959	
89.3	67.0959	
85.75	67.0959	
87.2	67.0959	
92.65	67.0959	
91.95	67.0959	
93.05	67.0959	
90.55	67.0959	
94.7	67.0959	
103.5	67.0959	
98.2	67.0959	
109.35	67.0959	
97.15	67.0959	
97.5	67.0959	
95.6	67.0959	
90.25	67.0959	
93.7	67.0959	
99.75	67.0959	
96.7	67.0959	
101.75	67.0959	
97.25	67.0959	
86	67.0959	
100.25	67.0959	
85.9	67.0959	
96.65	67.0959	
98.5	67.0959	
101.75	67.0959	
91.95	67.0959	
93.35	67.0959	
95.6	67.0959	
91.25	67.0959	
92.7	67.0959	
90.35	67.0959	
89.55	67.0959	
88.1	67.0959	
95.55	67.0959	
96.9	67.0959	
94.05	67.0959	
85.5	67.0959	
100.45	67.0959	
90.85	67.0959	
84.35	67.0959	
92.6	67.0959	
96.8	67.0959	
95.25	67.0959	
95	67.0959	
94.65	67.0959	
99.95	67.0959	
104.35	67.0959	
89.65	67.0959	
97.55	67.0959	
93.3	67.0959	
90.5	67.0959	
98.95	67.0959	
88.65	67.0959	
90.95	67.0959	
97	67.0959	
93.9	67.0959	
102.4	67.0959	
85.6	67.0959	
95.15	67.0959	
92.35	67.0959	
91.5	67.0959	
92.2	67.0959	
90.45	67.0959	
99.85	67.0959	
91.25	67.0959	
95.7	67.0959	
89.55	67.0959	
83.95	67.0959	
94.75	67.0959	
87.9	67.0959	
82.9	67.0959	
90.15	67.0959	
93.7	67.0959	
92.15	67.0959	
92.35	67.0959	
87.35	67.0959	
91.55	67.0959	
100.1	67.0959	
94.4	67.0959	
99	67.0959	
87.8	67.0959	
90.2	67.0959	
99.15	67.0959	
89.35	67.0959	
87.4	67.0959	
90.25	67.0959	
84.15	67.0959	
98.75	67.0959	
89.5	67.0959	
95.3	67.0959	
93.75	67.0959	
100.2	67.0959	
92.35	67.0959	
95.5	67.0959	
94.8	67.0959	
95.95	67.0959	
99.3	67.0959	
95.65	67.0959	
94.2	67.0959	
94.3	67.0959	
92.35	67.0959	
88.25	67.0959	
98.6	67.0959	
89.2	67.0959	
96.55	67.0959	
95.65	67.0959	
98.05	67.0959	
93.65	67.0959	
101.3	67.0959	
94.25	67.0959	
97.6	67.0959	
91.4	67.0959	
101.9	67.0959	
90.9	67.0959	
87.55	67.0959	
87.7	67.0959	
94.9	67.0959	
94.55	67.0959	
97.4	67.0959	
92.15	67.0959	
99.5	67.0959	
92.15	67.0959	
92.85	67.0959	
94.5	67.0959	
91.4	67.0959	
88.15	67.0959	
94.25	67.0959	
94.4	67.0959	
97.25	67.0959	
85.85	67.0959	
90.8	67.0959	
94.75	67.0959	
92	67.0959	
87.45	67.0959	
87.45	67.0959	
87.7	67.0959	
91.4	67.0959	
89.8	67.0959	
95.45	67.0959	
89.65	67.0959	
86.7	67.0959	
84.45	67.0959	
83.75	67.0959	
95.65	67.0959	
96.35	67.0959	
86.5	67.0959	
102.55	67.0959	
95.6	67.0959	
91.85	67.0959	
99.15	67.0959	
95.85	67.0959	
100.8	67.0959	
91.4	67.0959	
87.95	67.0959	
90.7	67.0959	
91.45	67.0959	
85.85	67.0959	
92.15	67.0959	
94.6	67.0959	
95.5	67.0959	
85.4	67.0959	
95.15	67.0959	
